Data =[0.00012782525889567229 328.70517563190879;
   0.00068680484998809755 354.17322150249947;
   0.0022330547824839153 354.63145567837785;
   0.0028201276308090512 332.55985753009929;
   0.0028273171946872392 305.61001911567985;
   0.0028236748244804075 287.1063668591143;
   0.0028238194892661844 279.50149725410125;
   0.0028282976957182092 292.76904389917621;
   0.0028333040439645551 317.56220076744353;
   0.0029428604241089236 346.67673093712597;
   0.003686815080586596 353.80210307681477;
   0.0044879361683346575 352.90832464972186;
   0.0047079904679159 338.50394173766108;
   0.0047316073895085882 328.30383820319651;
   0.0047417786457958242 322.59325438287692;
   0.004746681493956675 324.60382626909808;
   0.004765665104940941 339.18147796240231;
   0.0050535964675538026 355.41608181370134;
   0.0057676085905023419 358.2336259945082;
   0.0063592688853528609 357.15437407589945;
   0.0065748817200591428 347.35223878758012;
   0.0066221248090007814 340.895980109836;
   0.0066394345950352533 337.33946504259666;
   0.00665355788573172 337.88708399633879;
   0.0067050250212195286 350.47592554389917;
   0.0070045833495270948 360.06109659931;
   0.0075588857834863864 362.77378546785894;
   0.0080826414268581753 363.47463035978313;
   0.0084784030672527266 360.52651587692742;
   0.0086409270422211255 356.14130113356333;
   0.0087328300144738046 354.1983869605013;
   0.0088050225672175221 354.03048088432018;
   0.0088777850853776711 355.01653207068927;
   0.0089672911100941114 357.77676688023661;
   0.0091695940578080427 363.53812786031125;
   0.0094879260537344551 365.46907871576428;
   0.0098397208066136263 366.89944061113852;
   0.010172019690501336 367.39002499471945;
   0.010172019690501336 353.91218369358586;
   0.010172019690501336 320.93881190593532;
   0.010172019690501336 281.17082577624444;
   0.010172019690501336 242.9033169400831;
   0.010172019690501336 204.89247979300148;
   0.010172019690501336 169.09418964303316;
   0.010172019690501336 133.98883735830461;
   0.010172019690501336 101.22429053721046;
   0.010172019690501336 71.173928113778786;
   0.010172019690501336 40.892080687178762;
   0.010172019690501336 14.63602140392875;
   0.010172019690501336 -8.3181795747377318;
   0.010080177798174765 -29.1204476167007;
   0.010019910578335227 -45.340801450397805;
   0.0099742244269252316 -55.435469654298387;
   0.0099428803130425167 -62.9973357389284;
   0.0099070946405856574 -71.83042452298811;
   0.0098347124946171656 -87.275683869605;
   0.0097317283351773427 -104.63950038724214;
   0.0095839603762451261 -125.15167901147646;
   0.009425826915752205 -144.1662423079631;
   0.0091534216740024738 -173.40554154051958;
   0.0087855283262992731 -202.18365852284728;
   0.0083943867590415173 -227.30667939871859;
   0.0079887150290783634 -249.04509610645638;
   0.0075713487313545432 -267.283533584454;
   0.0071538737002712367 -282.38609705695978;
   0.0067442849528436309 -294.40004009716256;
   0.006360572993737071 -303.7620586847849;
   0.0060263297034898735 -310.78439773287334;
   0.0057372745817751442 -315.61038217278036;
   0.0055060463446019118 -319.26013236640154;
   0.0053007436614866746 -322.51414891220162;
   0.0051096674562315812 -325.536005808632;
   0.0049262985033577747 -328.20049570513271;
   0.0047527907173233012 -331.04898063789341;
   0.004580237926105484 -334.04278448215172;
   0.0043997227739210028 -336.69022252341057;
   0.0042177134428574787 -339.11313300007043;
   0.0040385165319835178 -341.51954171653875;
   0.0038585565553219811 -343.85117661761603;
   0.003680916525345081 -346.13114032246705;
   0.0035054472665566969 -348.44087597690634;
   0.003329543860716884 -350.52378075054565;
   0.0031564916961875928 -352.36565619939449;
   0.0029827475894864605 -354.31338379215663;
   0.0028096494325444321 -356.28105083433076;
   0.0026375141879046342 -358.21488945997322;
   0.0024573891764114223 -360.09564704639865;
   0.0022733818361043777 -361.94924558191929;
   0.0020904201631848406 -363.77379426881646;
   0.0018991201119850606 -365.5833535168627;
   0.0017042267331180872 -367.4006139547983;
   0.00150826601510412 -369.2566531718652;
   0.0013080314052396711 -370.89452510033095;
   0.0010982533248676506 -372.54174822220665;
   0.00087743798071835929 -374.34116595085544;
   0.00065185090305870988 -376.29435964232908;
   0.00042460390020552337 -377.82252904315988;
   0.00019430830233719935 -379.24914349081183;
   -3.1349422291735611E-5 -380.40609131873549;
   -0.00025731089049597163 -381.43415299584592;
   -0.00048039378586013041 -382.62214496937264;
   -0.00070458667154826458 -383.76351897486444;
   -0.000931783831350184 -384.98169541646132;
   -0.0011602441208933053 -385.97283461240585;
   -0.0013902809651716772 -386.95104731394775;
   -0.0016194828692093891 -387.9183274660283;
   -0.0018480789937370711 -388.84944131521507;
   -0.0020779220979236443 -389.79966943603466;
   -0.0023127423591561809 -390.856334577202;
   -0.0025518277310930286 -391.747706470464;
   -0.0027928859262027132 -392.67964549743016;
   -0.0030393211595839912 -393.65462648736184;
   -0.0032848646952756463 -394.51110399211439;
   -0.0035227720529666775 -395.20864887699781;
   -0.0037638037536469487 -395.89079173414069;
   -0.0040132845633383957 -396.69429169893687;
   -0.004261203971112743 -397.334286066324;
   -0.0045089934577537266 -398.08367387171728;
   -0.0047510742159000609 -398.82460466098712;
   -0.00498961703005066 -399.50420368936147;
   -0.0052246010058773634 -400.09850876575371;
   -0.0054591532135464336 -400.70326515524891;
   -0.0056925208394738875 -401.42910371048373;
   -0.0059246518146401 -402.14541892557912;
   -0.0061562591010618142 -402.729788777019;
   -0.0063895269743548472 -403.46817538548197;
   -0.0066235745580544682 -404.07537280856161;
   -0.0068582887322229044 -404.8094962331902;
   -0.007093421139051777 -405.50955079912694;
   -0.0073278822906729969 -406.2279289586707;
   -0.007563155398215669 -407.03682637470956;
   -0.0078041799710926261 -407.63226607054855;
   -0.00805253032412334 -408.42851193409848;
   -0.0083071524479033619 -409.58621594029432;
   -0.0085661106423257326 -410.40580511159618;
   -0.008819980586931668 -411.20507674434981;
   -0.0096665909223302912 -411.70339646553543;
   -0.0096665909223302912 -411.67059916918964;
   -0.0096665909223302912 -411.1210892065057;
   -0.0096665909223302912 -408.91579631063865;
    -0.0096665909223302912 -404.07289762726191;
    -0.0096665909223302912 -388.3934415264381;
    -0.0096665909223302912 -364.63058121523625;
    -0.0096665909223302912 -334.36295370696331;
    -0.0096665909223302912 -301.87820685770612;
    -0.0096665909223302912 -268.79688572836722;
    -0.0096665909223302912 -232.02345976202213;
    -0.0096665909223302912 -196.87265880447794;
    -0.0096665909223302912 -162.21392075617825;
    -0.0096665909223302912 -128.19394828557347;
    -0.0096665909223302912 -92.752002358656625;
   -0.0096665909223302912 -53.085850348517916;
   -0.009578780219239396 -18.029923959726819;
   -0.0094954806730502949 12.129321340561853;
   -0.0093940739143105242 41.530842005210175;
   -0.0092760791231999949 68.104705871998874;
   -0.009150289860867758 90.8661307822291;
   -0.00902900732152161 108.53940751953813;
   -0.0089421532746468725 118.58516767584315;
   -0.0088413754480709972 134.57628409490954;
   -0.0087020674090148627 149.82710589312117;
   -0.008568599170902861 163.09695588960082;
   -0.0084421182819994431 174.67385921988313;
   -0.0082911887813573934 189.25216408505247;
   -0.008036163520889282 213.04006938674928;
   -0.0076368278082162384 239.75779972541014;
   -0.0072159462712974784 263.50049697247061;
   -0.0067890372118767665 284.042894494121;
   -0.006358590807797145 301.63954963740053;
   -0.0059586546581573982 315.53395821305361;
   -0.0055873165973151211 326.03793543617547;
